[gd_scene load_steps=4 format=2]

[ext_resource path="res://scenes/Maze Top.tscn" type="PackedScene" id=1]
[ext_resource path="res://scenes/Maze Bottom.tscn" type="PackedScene" id=2]
[ext_resource path="res://scenes/Level1.gd" type="Script" id=3]

[node name="Level1" type="Spatial"]
script = ExtResource( 3 )

[node name="MazeTop" parent="." instance=ExtResource( 1 )]

[node name="Camera1" type="Camera" parent="MazeTop"]
transform = Transform( 0.128211, 0.241905, -0.961792, -0.0319642, 0.9703, 0.239784, 0.991232, -1.87912e-08, 0.132135, 1.00909, 2.44184, -3.42506 )

[node name="Camera2" type="Camera" parent="MazeTop"]
transform = Transform( 0.0278693, 0, -0.999612, 0, 1, 0, 0.999612, 0, 0.0278693, -1.27075, 5.22362, -3.34789 )
fov = 47.9823

[node name="Camera3" type="Camera" parent="MazeTop"]
transform = Transform( 0.75926, 0.650787, 0, 2.84468e-08, -3.31883e-08, 1, 0.650787, -0.75926, -4.37114e-08, 0.339541, 8.17137, -2.47308 )
fov = 57.3849

[node name="MazeBottom" parent="." instance=ExtResource( 2 )]
transform = Transform( -1, -8.74228e-08, 0, 8.74228e-08, -1, 0, 0, 0, 1, 0, 2, 0 )

[node name="Camera1" type="Camera" parent="MazeBottom"]
transform = Transform( 1, 2.52425e-09, -2.08562e-08, 2.52425e-09, 0.971126, 0.238567, 2.08562e-08, -0.238567, 0.971126, -6.52435e-07, 7.46298, 0 )

[node name="Camera2" type="Camera" parent="MazeBottom"]

[node name="Camera3" type="Camera" parent="MazeBottom"]
